# VJAY Control State - Key=Value
# Add new fields freely, no version bump needed

midi_cc_18=crtFishEye,0,0.5,0
midi_cc_74=gradeBrightness,-1,1,0

animationSpeed=4.02
animationTargetSeconds=5
tempo=2.094
energy=0.112491
bass=0.00270794
mid=0.00304097
high=0.000977925
colorBlend=1
primaryColor=0.452412 0.88501 0.243082 1
secondaryColor=0.705543 0.272946 0.914874 1
autoRandomizeColors=1
colorRandomizeInterval=0.5
activeMode=1
videoMix=1
videoPlaybackRate=1.18
videoDecodeOversample=1
autoScaleVideo=1
selectedVideoFolder=VHS
selectedVideo2Folder=1080 1
enableDualVideo=1
video2Mix=0.508
video2BlendMode=0
video2PlaybackRate=1
forcedFpsIndex=4
loopBlendSeconds=0
grayscaleAmount=0
sharpenAmount=0
upscaleEnabled=1
crtCurvature=0.0678684
crtHorizontalCurvature=0.495921
crtScanlineIntensity=0.524358
crtMaskIntensity=0.911123
crtVignette=0.865645
crtFishEye=2.95513
bloomIntensity=0.887712
bloomThreshold=0.890084
aberrationAmount=-0.0233236
grainStrength=0.189558
bendAmount=0.490381
glitchAmount=0.664454
randomVideoStart=1
colorBalance=0.171522 0.669894 1.57449
gradeBrightness=-0.0427396
gradeContrast=1.34143
gradeSaturation=1.15884
gradeHueShift=-75.6324
gradeGamma=0.983718
colorLUTIndex=2
splitToneBalance=0.337733
splitToneShadows=0.439357 0.554537 0.918284
splitToneHighlights=0.139849 0.233786 0.544527
feedbackAmount=0.111049
trailStrength=0.826721
temporalAccumulation=0.797939
feedbackDecay=0.871535
recursiveBlend=0.889861
uvWarpStrength=0.331751
rippleStrength=0.0816232
rippleFrequency=4.42478
swirlStrength=0.00441891
displacementAmount=0.196092
kaleidoSegments=9.85095
tunnelDepth=0.0268089
tunnelCurvature=0.133792
gaussianBlur=0.731487
directionalBlur=0.00926899
directionalBlurAngle=109.398
zoomBlur=0.10225
motionBlur=0.599908
temporalBlur=0.478347
unsharpMask=0.927892
casAmount=0.0595214
localContrast=0.689423
glitchDatamosh=0.227503
glitchRGBSplit=0.467375
glitchScanlineBreak=0.892622
glitchJitter=0.101384
glitchTearing=0.695961
glitchPixelSort=0.988649
glitchBufferCorruption=0.760789
blendModeProcedural=3
blendModeVideo=0
blendModeFeedback=0
blendProceduralMix=1.39178
blendVideoMix=1.68302
blendFeedbackMix=0.977886
analogScanlineFocus=0.503069
analogMaskBalance=0.977119
analogNoise=0.0567655
analogBloom=1.26577
vhsDistortion=0.970232
analogChromaticAberration=0.151235
enableColorGrading=1
enableFeedback=1
enableDistortion=1
enableBlurMotion=1
enableSharpen=1
enableGlitch=1
enableBlending=1
enableAnalog=1
enableAudioReactive=1
enableTemporal=1
enablePostCrtCurvature=1
enablePostScanMask=1
enablePostVignette=0
enablePostFishEye=0
enablePostBloom=1
enablePostAberration=1
enablePostGrain=1
enablePostBend=0
enablePostGlitch=1
enablePostColorBalance=1
audioWarpResponse=1.58017
audioFeedbackResponse=1.00703
audioBlurResponse=1.89509
audioColorResponse=0.914627
audioGlitchResponse=1.13449
audioBeatSync=0.332022
audioLfoRate=3.11394
temporalInterpolation=0.647859
temporalBlendStrength=0.199155
slowMotionFactor=1.01417
frameAccumulation=0.532913
enablePixelate=0
enableStrobe=1
enableThreshold=0
enableSlowZoom=0
enableMirror=1
enableInvert=0
enablePosterize=1
enableInfrared=0
enableZoomPulse=1
enableRGBShift=1
enableFXAA=1
enableGrid=0
enableEdgeDetect=1
enableCameraMovement=1
gridMirrorCells=0
pixelateAmount=0.201427
strobeSpeed=17.6465
thresholdLevel=0.272761
slowZoomAmount=0.809605
mirrorAmount=0.872873
posterizeLevels=2.56254
zoomPulseAmount=0.402966
rgbShiftAmount=0.0540417
fxaaQualitySubpix=0.909197
fxaaQualityEdgeThreshold=0.414608
fxaaQualityEdgeThresholdMin=0.0129868
gridMode=0
gridCount=3
gridRows=1
gridColumns=1
edgeStrength=2.16851
edgeThreshold=0.952068
edgeBlend=0.315579
edgeColor=0.137604 0.43383 0.313471
cameraZoom=1.77623
cameraPanX=0.11815
cameraPanY=-0.545733
cameraRotation=-1.97998
autoRandomize=1
intervalSeconds=9
useVideoDuration=0
useShuffleMode=0
autoRandomize2=1
intervalSeconds2=7
useVideoDuration2=0
useShuffleMode2=1
allowDimensionChangeRecreation=1
